{"columns":["numbers","0 points","5 points","7 points","10 points"],"index":[0,1,2,3,4,5,6,7,8,9,10,11,12,13],"data":[[1,3.07,1.48,13.09,82.36],[2,2.71,1.17,12.29,83.83],[3,2.2,0.97,10.91,85.92],[4,1.74,0.93,11.71,85.62],[5,1.36,0.79,10.12,87.72],[6,1.08,0.72,10.36,87.84],[7,0.84,0.59,8.5,90.07],[8,0.66,0.52,8.93,89.9],[9,0.5,0.44,7.86,91.19],[10,0.39,0.38,7.77,91.46],[25,0.01,0.05,3.1,96.84],[50,0.0,0.03,2.52,97.44],[75,0.0,0.03,1.71,98.26],[100,0.0,0.02,1.7,98.27]]}